12.6579, 18.4619, 12.015
16.4343, 24.1871, 25.5973
18.5955, 17.8637, 40.8809
15.2446, 3.52338, 44.5157
8.56428, -4.82173, 38.3565
2.79051, -6.61065, 32.0633
-0.883219, -6.41869, 27.8275
-3.02059, -6.30093, 24.9649
-4.38736, -6.75313, 22.9907
-5.52356, -7.80251, 21.8109
-6.73421, -9.33539, 21.5495
-8.13078, -11.0877, 22.4286
-9.62253, -12.5221, 24.5833
-10.8818, -12.8462, 27.6971
-11.4244, -11.5097, 30.7083
-10.9321, -8.93952, 32.2838
-9.57972, -6.36671, 31.9165
-7.92756, -4.717, 30.1637
-6.50602, -4.11729, 27.8551
-5.58365, -4.29522, 25.5424
-5.21228, -4.99977, 23.5093
-5.35435, -6.1197, 21.9351
-5.96524, -7.6328, 21.0085
-7.00865, -9.49392, 20.984
-8.41179, -11.4745, 22.1661
-9.96851, -12.9874, 24.7202
-11.2473, -13.1396, 28.2347
-11.6804, -11.4017, 31.4179
-10.9584, -8.4535, 32.809
-9.36804, -5.75187, 32.0698
-7.57002, -4.18176, 29.9919
-6.10797, -3.71989, 27.4783
-5.21148, -4.01253, 25.0487
-4.89401, -4.80158, 22.9468
-5.0995, -5.99847, 21.3319
-5.78257, -7.60869, 20.3921
-6.91643, -9.60887, 20.4031
-8.43834, -11.7676, 21.7162
-10.1349, -13.4309, 24.549
-11.5264, -13.562, 28.4581
-11.9639, -11.5457, 31.949
-11.1058, -8.2238, 33.3532
-9.31254, -5.29949, 32.3911
-7.34627, -3.694, 30.0539
-5.78916, -3.27775, 27.34
-4.85467, -3.61695, 24.7637
-4.52811, -4.4321, 22.5403
-4.73575, -5.64606, 20.8065
-5.42975, -7.29254, 19.7386
-6.59618, -9.39151, 19.6189
-8.19949, -11.7629, 20.848
-10.0567, -13.7611, 23.7632
-11.6805, -14.203, 28.0536
-12.3233, -12.1857, 32.136
-11.5037, -8.48707, 33.9651
-9.56026, -5.12468, 33.05
-7.36672, -3.26448, 30.5342
-5.6088, -2.75252, 27.6012
-4.5296, -3.05144, 24.8231
-4.09914, -3.81962, 22.4035
-4.22048, -4.9647, 20.4505
-4.83336, -6.54015, 19.1069
-5.93241, -8.62788, 18.6262
-7.52463, -11.173, 19.4254
-9.51308, -13.6925, 22.0052
-11.4996, -14.9861, 26.4452
-12.681, -13.623, 31.4505
-12.2765, -9.73742, 34.4859
-10.359, -5.58211, 34.228
-7.87235, -3.02642, 31.7321
-5.73422, -2.14698, 28.5541
-4.32675, -2.27045, 25.488
-3.64005, -2.90132, 22.7749
-3.54481, -3.86893, 20.491
-3.94413, -5.21076, 18.72
-4.81701, -7.05688, 17.6329
-6.20199, -9.51613, 17.5646
-8.1248, -12.4595, 19.0714
-10.4268, -15.1027, 22.7548
-12.4992, -15.7282, 28.3915
-13.2757, -12.8758, 33.7322
-12.0603, -7.81831, 35.7508
-9.43509, -3.64749, 34.1156
-6.66989, -1.67354, 30.8006
-4.5854, -1.28453, 27.3171
-3.34838, -1.64397, 24.1656
-2.81674, -2.33354, 21.4275
-2.81776, -3.27318, 19.1158
-3.25717, -4.56045, 17.2802
-4.13633, -6.37716, 16.0627
-5.53276, -8.91413, 15.7818
-7.54108, -12.1874, 17.0468
-10.1079, -15.5619, 20.7164
-12.6894, -17.117, 27.0702
-14.0255, -14.4904, 33.9223
-12.9745, -8.47482, 37.1122
-9.99188, -3.17018, 35.546
-6.68453, -0.651873, 31.7845
-4.15422, -0.114489, 27.8888
-2.61039, -0.391564, 24.4399
-1.84292, -0.903177, 21.4529
-1.5981, -1.50403, 18.8691
-1.71306, -2.24867, 16.6567
-2.1313, -3.28102, 14.8235
-2.88893, -4.80921, 13.4444
-4.10345, -7.10399, 12.7349
-5.95689, -10.4333, 13.2041
-8.61147, -14.7222, 15.8645
-11.9012, -18.5946, 22.0348
-14.7143, -18.5098, 31.2882
-15.0226, -12.1365, 38.507
-12.0917, -3.99966, 38.8297
-7.79185, 0.582483, 34.6641
-4.15663, 1.83959, 29.9692
-1.79334, 1.7735, 25.9805
-0.448123, 1.51378, 22.6566
0.299141, 1.43615, 19.826
0.777557, 1.62486, 17.3908
1.20441, 2.11362, 15.3067
1.73237, 2.98023, 13.57
2.50138, 4.38495, 12.2384
3.68031, 6.58653, 11.499
5.48876, 9.89836, 11.8253
8.14997, 14.394, 14.2366
11.6156, 18.9256, 20.2966
14.8741, 19.764, 30.2214
15.6673, 13.4225, 38.8892
12.777, 4.22939, 39.9642
8.10639, -1.14589, 35.5964
4.06493, -2.63131, 30.5865
1.41717, -2.60143, 26.4435
-0.116397, -2.4032, 23.0761
-1.02169, -2.48517, 20.2651
-1.68594, -2.96629, 17.9094
-2.37597, -3.92119, 16.0001
-3.29386, -5.48296, 14.6234
-4.63006, -7.85217, 14.0289
-6.57671, -11.1854, 14.7725
-9.23536, -15.1778, 17.8432
-12.2904, -18.1595, 24.1991
-14.5203, -16.9112, 32.6037
-14.2131, -10.5055, 38.0798
-11.1998, -3.56731, 37.4772
-7.30381, 0.0785631, 33.4609
-4.14117, 1.01609, 29.1101
-2.12693, 0.872388, 25.3361
-1.02098, 0.525974, 22.1231
-0.474117, 0.252936, 19.3485
-0.227215, 0.082556, 16.9307
-0.128884, -0.0210343, 14.817
-0.10294, -0.0967663, 12.9678
-0.116672, -0.175087, 11.3497
-0.161129, -0.282485, 9.93447
-0.241965, -0.449984, 8.6978
-0.377632, -0.723665, 7.6205
-0.603208, -1.1794, 6.69086
-0.980153, -1.94602, 5.91292
-1.61416, -3.24259, 5.33055
-2.68416, -5.43146, 5.09665
-4.4799, -9.05527, 5.66395
-7.40459, -14.6491, 8.24383
-11.7225, -21.5068, 15.4144
-16.4668, -24.3815, 29.3198
-18.0841, -15.4593, 42.9153
-13.9579, -1.45208, 43.9531
-7.3053, 5.40658, 37.2903
-1.95209, 6.59539, 31.3703
1.36261, 6.33472, 27.4179
3.2916, 6.28594, 24.7081
4.56358, 6.82002, 22.8365
5.67157, 7.93569, 21.7543
6.88597, 9.50835, 21.6055
8.29139, 11.2535, 22.6148
9.77027, 12.6044, 24.8883
10.9711, 12.7668, 28.0386
11.4108, 11.2686, 30.9417
10.8139, 8.65042, 32.3104
9.40816, 6.1566, 31.7646
7.76659, 4.62723, 29.927
6.39479, 4.12387, 27.6071
5.53316, 4.36522, 25.321
5.21918, 5.11509, 23.3346
5.41254, 6.27532, 21.8248
6.07, 7.82622, 20.9856
7.15404, 9.71008, 21.079
8.58212, 11.6665, 22.4052
10.1267, 13.0665, 25.0885
11.3335, 13.0188, 28.625
11.6435, 11.1012, 31.6552
10.8062, 8.12595, 32.7977
9.16802, 5.53654, 31.8696
7.39422, 4.10489, 29.7169
5.9939, 3.74306, 27.2038
5.16563, 4.0983, 24.809
4.90994, 4.93315, 22.7601
5.17022, 6.17388, 21.216
5.90397, 7.82811, 20.3729
7.08357, 9.85735, 20.5171
8.63481, 11.9909, 21.9977
10.3178, 13.5213, 24.9839
11.6236, 13.4109, 28.9164
11.9138, 11.1823, 32.2152
10.9212, 7.84216, 33.32
9.07845, 5.06256, 32.1461
7.14683, 3.61884, 29.7357
5.6636, 3.31114, 27.0304
4.80634, 3.71468, 24.4956
4.5475, 4.5771, 22.3299
4.81465, 5.83928, 20.6714
5.56487, 7.53874, 19.7066
6.78498, 9.68054, 19.7328
8.42816, 12.0405, 21.1561
10.2806, 13.9017, 24.2682
11.8142, 14.057, 28.6189
12.2825, 11.7588, 32.4907
11.2922, 8.01638, 33.9499
9.28015, 4.8292, 32.7671
7.1249, 3.16899, 30.162
5.45448, 2.78592, 27.2405
4.46549, 3.15568, 24.5096
4.11195, 3.97302, 22.1513
4.29933, 5.16991, 20.2747
4.97502, 6.80849, 19.0343
6.13814, 8.96127, 18.7036
7.78857, 11.5325, 19.7182
9.79924, 13.9522, 22.5582
11.7166, 14.9377, 27.1643
12.7052, 13.1696, 32.0158
12.0653, 9.11996, 34.5965
10.0183, 5.1438, 33.9393
7.552, 2.85742, 31.2892
5.51536, 2.15786, 28.1129
4.21967, 2.37198, 25.0992
3.62672, 3.05526, 22.4514
3.60788, 4.07428, 20.2423
4.07708, 5.48466, 18.5663
5.02369, 7.41879, 17.615
6.48883, 9.96342, 17.7552
8.4811, 12.9151, 19.5682
10.7867, 15.346, 23.5947
12.7121, 15.4612, 29.3435
13.1841, 12.1132, 34.2777
11.685, 7.04905, 35.6356
8.97697, 3.23715, 33.6105
6.30394, 1.58337, 30.223
4.36727, 1.35821, 26.7925
3.26183, 1.78825, 23.7164
2.83075, 2.52344, 21.0551
2.91263, 3.52151, 18.8264
3.43025, 4.898, 17.0948
4.39979, 6.8404, 16.0295
5.90574, 9.52148, 15.9968
8.02759, 12.8721, 17.6644
10.6429, 16.0429, 21.8659
13.0684, 16.8891, 28.5304
13.9719, 13.4023, 34.8895
12.4562, 7.26723, 37.0337
9.31266, 2.52143, 34.8267
6.13431, 0.509784, 30.9671
3.82209, 0.206944, 27.1647
2.46463, 0.561182, 23.8235
1.82848, 1.10565, 20.9297
1.67764, 1.75136, 18.4314
1.87471, 2.57881, 16.3079
2.38672, 3.75015, 14.5847
3.27124, 5.492, 13.3713
4.66462, 8.08255, 12.9562
6.7517, 11.7278, 13.9834
9.63037, 16.0619, 17.6109
12.8993, 19.0444, 24.9017
15.0839, 16.9368, 34.0793
14.3049, 9.3826, 39.1955
10.7287, 2.20472, 37.6189
6.55442, -1.07804, 33.0639
3.36095, -1.7336, 28.5964
1.39075, -1.52917, 24.85
0.298547, -1.28555, 21.6964
-0.307789, -1.24226, 18.9902
-0.710177, -1.44404, 16.6524
-1.09032, -1.91908, 14.6445
-1.57915, -2.74687, 12.9612
-2.30409, -4.08933, 11.6516
-3.42756, -6.21042, 10.883
-5.17091, -9.45033, 11.0926
-7.78141, -13.9775, 13.2632
-11.2879, -18.8575, 19.0438
-14.8021, -20.4515, 29.1178
-16.0125, -14.5206, 38.7459
-13.3197, -4.75768, 40.6351
-8.49082, 1.2741, 36.3059
-4.18357, 3.00878, 31.1065
-1.32823, 3.02361, 26.8486
0.339158, 2.84054, 23.4415
1.33771, 2.97114, 20.6349
2.08853, 3.55353, 18.322
2.88366, 4.67035, 16.5117
3.94207, 6.45369, 15.3349
5.45784, 9.06641, 15.1231
7.58915, 12.5095, 16.5369
10.3067, 16.0766, 20.5329
13.0206, 17.6116, 27.4171
14.3354, 14.5207, 34.6695
13.0462, 7.94179, 37.7029
9.77783, 2.4806, 35.7014
6.30489, 0.0776044, 31.6584
3.72357, -0.352087, 27.6548
2.1724, -0.0571124, 24.1704
1.38929, 0.389196, 21.1655
1.09327, 0.849278, 18.5581
1.10387, 1.36557, 16.2973
1.34465, 2.04879, 14.3595
1.82254, 3.05613, 12.7544
2.6164, 4.60899, 11.5572
3.87896, 7.01296, 10.9918
5.83416, 10.6032, 11.6148
8.69845, 15.3684, 14.6004
12.327, 19.7643, 21.5992
15.4294, 19.475, 32.2026
15.5719, 11.7637, 40.0585
12.029, 2.63054, 39.6752
7.19397, -1.95336, 34.7555
3.30657, -2.97947, 29.7995
0.85023, -2.8465, 25.8108
-0.567127, -2.71278, 22.5802
-1.44479, -2.93444, 19.8986
-2.15936, -3.61293, 17.6913
-2.97236, -4.83799, 15.9883
-4.09005, -6.75958, 14.9464
-5.70428, -9.5472, 14.9451
-7.96488, -13.1529, 16.7227
-10.7909, -16.6794, 21.2776
-13.4544, -17.6682, 28.6611
-14.4307, -13.6971, 35.7127
-12.6827, -6.8006, 37.8707
-9.17681, -1.71511, 35.2285
-5.73366, 0.274687, 31.0245
-3.28638, 0.511196, 27.0552
-1.85643, 0.176397, 23.6344
-1.14582, -0.240449, 20.6856
-0.874823, -0.639275, 18.1235
-0.87104, -1.06786, 15.8953
-1.06104, -1.62522, 13.9712
-1.44658, -2.44609, 12.3454
-2.09272, -3.72137, 11.0576
-3.13176, -5.72956, 10.2505
-4.77388, -8.83773, 10.3106
-7.2834, -13.3179, 12.148
-10.7766, -18.5234, 17.4421
-14.5531, -21.112, 27.4217
-16.3406, -16.0559, 38.1603
-14.054, -5.76957, 41.3659
-9.11975, 1.21319, 37.2782
-4.48175, 3.37174, 31.8532
-1.34279, 3.47039, 27.4281
0.506843, 3.28922, 23.9537
1.61886, 3.4392, 21.138
2.45497, 4.08373, 18.8595
3.3357, 5.3058, 17.1396
4.49393, 7.22002, 16.1434
6.11748, 9.92831, 16.2549
8.31702, 13.2672, 18.1629
10.9401, 16.2372, 22.6485
13.2304, 16.6057, 29.383
13.8545, 12.6825, 35.3132
12.0992, 6.61885, 36.8397
8.91981, 2.24968, 34.3413
5.85403, 0.51412, 30.478
3.68247, 0.327604, 26.7491
2.43734, 0.723059, 23.4786
1.88168, 1.29725, 20.6459
1.79476, 1.99174, 18.2071
2.05687, 2.90328, 16.1519
2.65143, 4.20796, 14.5238
3.6514, 6.14509, 13.469
5.20431, 8.98538, 13.3491
7.48351, 12.8386, 14.9273
10.4969, 17.0053, 19.4213
13.6, 18.9016, 27.4279
15.0904, 15.136, 35.9303
13.4615, 7.24132, 39.1061
9.58839, 1.14945, 36.3795
5.66388, -1.21474, 31.7632
2.85602, -1.52013, 27.5187
1.18712, -1.25049, 23.9564
0.28368, -1.01341, 20.9297
-0.209457, -0.964007, 18.3166
-0.532934, -1.12077, 16.0487
-0.837149, -1.50045, 14.0874
-1.22911, -2.16751, 12.417
-1.81387, -3.25944, 11.0587
-2.72935, -5.01194, 10.1144
-4.17589, -7.7713, 9.87778
-6.42091, -11.8922, 11.0763
-9.67855, -17.1601, 15.2067
-13.5939, -21.1581, 24.0311
-16.3091, -18.5547, 35.6474
-15.2048, -8.65092, 41.6579
-10.6141, -0.0159882, 38.9355
-5.59552, 3.28039, 33.3768
-1.96809, 3.6993, 28.606
0.219326, 3.50187, 24.907
1.50815, 3.55457, 21.9501
2.41082, 4.09401, 19.5637
3.28984, 5.20551, 17.7406
4.39934, 6.98682, 16.6191
5.93432, 9.53171, 16.539
8.01546, 12.7192, 18.121
10.5366, 15.7123, 22.1168
12.8563, 16.5144, 28.415
13.7415, 13.2875, 34.4525
12.354, 7.52525, 36.6134
9.3947, 2.93923, 34.6364
6.34721, 0.908443, 30.9608
4.09829, 0.563916, 27.2524
2.77113, 0.919168, 23.9607
2.16487, 1.51684, 21.1051
2.06441, 2.26955, 18.6539
2.3471, 3.26694, 16.6073
2.99423, 4.68759, 15.0269
4.07805, 6.7687, 14.0932
5.73922, 9.74607, 14.2256
8.11519, 13.5965, 16.2474
11.1039, 17.3169, 21.2804
13.8736, 18.1169, 29.3207
14.7201, 13.4348, 36.6491
12.6178, 5.98139, 38.3748
8.80388, 0.909706, 35.2064
5.23429, -0.878397, 30.7665
2.7735, -1.00594, 26.7424
1.3515, -0.68374, 23.3238
0.619679, -0.375439, 20.3888
0.274, -0.176598, 17.8383
0.122434, -0.0663183, 15.6105
0.061969, -0.00672286, 13.6618
0.0432947, 0.030766, 11.9564
0.0454562, 0.0646028, 10.4641
0.0617486, 0.108198, 9.15808
0.0932758, 0.17525, 8.01541
0.147093, 0.284983, 7.01615
0.237358, 0.468682, 6.1437
0.389262, 0.779759, 5.38585
0.646708, 1.31067, 4.73859
1.08596, 2.22174, 4.21783
1.83891, 3.78802, 3.8945
3.12962, 6.46227, 3.99751
5.31525, 10.8872, 5.19859
8.84679, 17.4728, 9.25261
13.7691, 24.2464, 19.3999
18.097, 23.1993, 35.7752
17.4608, 9.53619, 45.8383
11.3844, -3.01281, 42.0699
4.64732, -7.03477, 34.8648
-0.0351903, -7.20943, 29.8145
-2.7812, -6.88716, 26.6044
-4.40587, -7.0194, 24.4718
-5.56688, -7.72485, 23.1431
-6.65327, -8.89606, 22.6341
-7.8337, -10.3059, 23.0753
-9.08672, -11.5558, 24.5565
-10.2026, -12.0751, 26.8898
-10.8354, -11.3877, 29.392
-10.6969, -9.59491, 31.0687
-9.80505, -7.46658, 31.2912
-8.51123, -5.83058, 30.2085
-7.25755, -5.02515, 28.4076
-6.34595, -4.96853, 26.4246
-5.89526, -5.46958, 24.5999
-5.91258, -6.39568, 23.1524
-6.36516, -7.67759, 22.2733
-7.20625, -9.23216, 22.1758
-8.35103, -10.8452, 23.0771
-9.61503, -12.0637, 25.0578
-10.663, -12.2581, 27.7827
-11.0782, -11.0518, 30.3343
-10.6156, -8.84835, 31.6459
-9.43428, -6.64364, 31.3209
-7.99753, -5.1971, 29.7923
-6.75298, -4.65501, 27.7408
-5.94468, -4.82686, 25.6612
-5.63619, -5.51068, 23.8395
-5.8066, -6.60006, 22.4707
-6.41607, -8.04558, 21.7512
-7.41545, -9.75258, 21.9175
-8.70326, -11.4425, 23.2018
-10.0476, -12.5467, 25.6297
-11.0422, -12.3591, 28.6756
-11.2376, -10.6381, 31.1843
-10.468, -8.10079, 32.083
-9.04048, -5.8949, 31.2498
-7.50384, -4.65013, 29.3523
-6.28799, -4.33644, 27.1068
-5.57811, -4.69233, 24.9534
-5.39309, -5.52382, 23.1324
-5.69407, -6.7538, 21.8245
-6.44032, -8.3516, 21.2372
-7.58363, -10.2104, 21.6362
-9.00745, -11.9852, 23.2749
-10.4318, -12.9862, 26.1262
-11.3784, -12.4346, 29.4688
-11.369, -10.2414, 31.9205
-10.3223, -7.42555, 32.4386
-8.682, -5.23694, 31.1716
-7.06174, -4.16195, 28.9721
-5.86632, -4.02388, 26.5639
-5.22944, -4.51489, 24.3352
-5.13537, -5.45529, 22.4906
-5.534, -6.79666, 21.2005
-6.38798, -8.52979, 20.6852
-7.65523, -10.5457, 21.2435
-9.21236, -12.4468, 23.1665
-10.7399, -13.4242, 26.406
-11.6874, -12.5996, 30.074
-11.5335, -9.99334, 32.5584
-10.2572, -6.89943, 32.8105
-8.42119, -4.67547, 31.2035
-6.70129, -3.69671, 28.7492
-5.48845, -3.66703, 26.1825
-4.87786, -4.23816, 23.8534
-4.82646, -5.23943, 21.9372
-5.27531, -6.64791, 20.5923
-6.19274, -8.48338, 20.0453
-7.55073, -10.6601, 20.627
-9.23774, -12.7694, 22.693
-10.9202, -13.9044, 26.2534
-11.9814, -13.0146, 30.3461
-11.8117, -10.0834, 33.1045
-10.3819, -6.63421, 33.3214
-8.34745, -4.22909, 31.4959
-6.47159, -3.22156, 28.814
-5.16656, -3.21401, 26.0663
-4.50817, -3.80002, 23.5883
-4.42966, -4.79843, 21.5294
-4.8598, -6.2028, 20.0266
-5.77038, -8.07053, 19.2943
-7.15566, -10.3791, 19.6779
-8.94597, -12.7927, 21.6188
-10.8483, -14.39, 25.3156
-12.2158, -13.86, 29.9572
-12.2817, -10.8226, 33.4474
-10.8567, -6.87003, 34.0874
-8.62058, -3.9906, 32.2567
-6.48302, -2.73161, 29.3716
-4.95572, -2.61946, 26.3937
-4.13208, -3.13821, 23.6941
-3.92385, -4.05079, 21.4016
-4.23541, -5.34238, 19.6166
-5.02923, -7.1044, 18.5085
-6.31986, -9.41245, 18.3875
-8.1082, -12.1229, 19.7428
-10.2298, -14.5222, 23.0686
-12.1352, -15.1311, 28.1265
-12.8968, -12.702, 32.9901
-11.8901, -8.22517, 35.0338
-9.56364, -4.33092, 33.769
-7.01904, -2.34194, 30.7908
-5.04252, -1.87329, 27.5099
-3.84887, -2.20398, 24.483
-3.34724, -2.93477, 21.8484
-3.39616, -3.97715, 19.6577
-3.91597, -5.416, 17.9996
-4.9095, -7.4053, 17.0693
-6.43409, -10.0513, 17.2531
-8.51367, -13.1553, 19.1808
-10.9337, -15.7277, 23.4637
-12.9518, -15.8008, 29.5918
-13.4013, -12.1297, 34.7729
-11.744, -6.71967, 36.0352
-8.85113, -2.79384, 33.7588
-6.05926, -1.17837, 30.1849
-4.07071, -1.0007, 26.653
-2.9437, -1.43448, 23.5156
-2.4907, -2.12562, 20.7999
-2.53252, -3.0359, 18.5015
-2.9824, -4.28315, 16.659
-3.85248, -6.06415, 15.401
-5.23493, -8.59798, 15.0314
-7.25111, -11.9639, 16.1626
-9.89724, -15.624, 19.739
-12.684, -17.6502, 26.2879
-14.305, -15.2877, 33.7982
-13.4018, -8.92431, 37.6431
-10.3047, -3.06203, 36.2067
-6.7588, -0.247692, 32.2715
-4.01853, 0.373869, 28.2031
-2.32844, 0.133585, 24.64
-1.45142, -0.30374, 21.5701
-1.09609, -0.756539, 18.9079
-1.06496, -1.25038, 16.5973
-1.2668, -1.88744, 14.6099
-1.69619, -2.81523, 12.9476
-2.4197, -4.24081, 11.6683
-3.57647, -6.45469, 10.9568
-5.38014, -9.80258, 11.2853
-8.06594, -14.4052, 13.6937
-11.6117, -19.152, 19.8396
-15.008, -20.1823, 30.0987
-15.8907, -13.6654, 39.2022
-12.9202, -4.07002, 40.3469
-8.08302, 1.48626, 35.8065
-3.91308, 2.97829, 30.685
-1.19147, 2.93852, 26.5154
0.390024, 2.76607, 23.1633
1.34393, 2.91859, 20.3922
2.07588, 3.52045, 18.1054
2.86678, 4.65529, 16.3165
3.9304, 6.46092, 15.1597
5.46023, 9.10686, 14.9731
7.61614, 12.5967, 16.4329
10.3674, 16.2062, 20.519
13.107, 17.7184, 27.5358
14.4042, 14.4945, 34.8664
13.0466, 7.78397, 37.8311
9.70909, 2.30685, 35.7132
6.20331, -0.0549169, 31.6076
3.61686, -0.455547, 27.5854
2.06851, -0.156901, 24.0979
1.28405, 0.272714, 21.0932
0.976868, 0.698403, 18.4849
0.962911, 1.15935, 16.2187
1.161, 1.75706, 14.2657
1.57023, 2.63317, 12.6238
2.25723, 3.98749, 11.342
3.35872, 6.10618, 10.5845
5.08814, 9.34877, 10.7829
7.69764, 13.9151, 12.9205
11.2354, 18.9181, 18.6872
14.8344, 20.6983, 28.8928
16.1423, 14.7817, 38.8261
13.4546, 4.78456, 40.8768
8.54089, -1.42057, 36.4896
4.145, -3.19569, 31.2178
1.23093, -3.21154, 26.9339
-0.473516, -3.03773, 23.5297
-1.50238, -3.19804, 20.7426
-2.28827, -3.83391, 18.4665
-3.13111, -5.02965, 16.7215
-4.25443, -6.91326, 15.662
-5.8493, -9.61981, 15.6579
-8.04905, -13.0573, 17.4056
-10.7506, -16.3231, 21.7904
-13.2435, -17.1339, 28.7379
-14.1245, -13.3853, 35.2782
-12.479, -6.97856, 37.3167
-9.19327, -2.17199, 34.895
-5.93531, -0.216518, 30.9035
-3.59706, 0.0406907, 27.048
-2.23241, -0.314663, 23.6853
-1.58325, -0.818453, 20.7766
-1.4001, -1.38357, 18.2579
-1.53614, -2.0829, 16.096
-1.94769, -3.0618, 14.2942
-2.67804, -4.52614, 12.9171
-3.84927, -6.75141, 12.1604
-5.65271, -10.0367, 12.5025
-8.28107, -14.4046, 14.9403
-11.6442, -18.6563, 20.9186
-14.7199, -19.2204, 30.4386
-15.3784, -13.0555, 38.5337
-12.5653, -4.36547, 39.4649
-8.09837, 0.747978, 35.2886
-4.22705, 2.20153, 30.4267
-1.6828, 2.17703, 26.3324
-0.217129, 1.94531, 22.9613
0.621939, 1.93662, 20.1172
1.19622, 2.25854, 17.6965
1.75121, 2.96708, 15.6673
2.46738, 4.1718, 14.0619
3.51552, 6.06936, 13.0192
5.09228, 8.91845, 12.8974
7.4022, 12.8447, 14.4726
10.4812, 17.17, 19.0235
13.6947, 19.2371, 27.2634
15.2771, 15.405, 36.1341
13.6143, 7.18694, 39.459
9.60608, 0.878496, 36.6103
5.55696, -1.52061, 31.8634
2.67344, -1.81454, 27.5608
0.959077, -1.55749, 23.9828
0.0145423, -1.37439, 20.9594
-0.535025, -1.42881, 18.3617
-0.946952, -1.75565, 16.1253
-1.39112, -2.40252, 14.2257
-2.00247, -3.48399, 12.6821
-2.9272, -5.20805, 11.5968
-4.35693, -7.87757, 11.2579
-6.53086, -11.7757, 12.3519
-9.61619, -16.6242, 16.2178
-13.2457, -20.1991, 24.3038
-15.7525, -17.9183, 34.8197
-14.8512, -9.13836, 40.5485
-10.7464, -1.08601, 38.441
-6.09112, 2.28155, 33.3204
-2.63068, 2.82948, 28.6394
-0.520944, 2.62866, 24.8761
0.691208, 2.54876, 21.7888
1.47031, 2.8392, 19.2081
2.15098, 3.58105, 17.0824
2.9687, 4.8736, 15.4541
4.11986, 6.88452, 14.4955
5.79699, 9.79747, 14.6174
8.1508, 13.5476, 16.6176
11.0758, 17.1214, 21.5518
13.7551, 17.8298, 29.3443
14.557, 13.2903, 36.399
12.5209, 6.10682, 38.0877
8.82833, 1.16625, 35.0494
5.35333, -0.615811, 30.7142
2.94602, -0.754919, 26.7377
1.55711, -0.417028, 23.338
0.859378, -0.0553543, 20.4116
0.56468, 0.242224, 17.8666
0.495368, 0.513435, 15.6454
0.566865, 0.828482, 13.7089
0.758495, 1.27215, 12.0298
1.09634, 1.95741, 10.5976
1.65165, 3.05396, 9.43435
2.55331, 4.82655, 8.64094
4.00993, 7.66401, 8.51418
6.31667, 11.9933, 9.81791
9.73623, 17.673, 14.2025
13.9317, 22.1017, 23.7615
16.8508, 19.1546, 36.4889
15.5265, 8.09798, 42.7262
10.4472, -1.06265, 39.3567
5.08554, -4.24993, 33.4103
1.30856, -4.54112, 28.6088
-0.947378, -4.34806, 25.0248
-2.30388, -4.51442, 22.2492
-3.31053, -5.24983, 20.1158
-4.3432, -6.61552, 18.6653
-5.6485, -8.64754, 18.117
-7.37109, -11.2616, 18.8957
-9.48798, -13.9472, 21.5581
-11.6224, -15.4036, 26.2615
-12.9204, -13.9979, 31.6617
-12.5092, -9.80375, 34.9481
-10.454, -5.33099, 34.639
-7.79648, -2.64061, 31.9534
-5.53184, -1.7491, 28.6092
-4.0495, -1.88, 25.4249
-3.31525, -2.4912, 22.6161
-3.17559, -3.40235, 20.2318
-3.51855, -4.65532, 18.3298
-4.31812, -6.3974, 17.0478
-5.62269, -8.78826, 16.6802
-7.49836, -11.8242, 17.7693
-9.87999, -14.9301, 21.0509
-12.2807, -16.4486, 26.7496
-13.6039, -14.3247, 33.0337
-12.813, -9.03017, 36.2956
-10.1928, -4.01892, 35.2343
-7.12774, -1.41305, 31.867
-4.69242, -0.744479, 28.1557
-3.17319, -0.98398, 24.7877
-2.42788, -1.55936, 21.8535
-2.24116, -2.31528, 19.3322
-2.47259, -3.31224, 17.225
-3.0852, -4.71549, 15.5919
-4.13553, -6.75035, 14.6083
-5.74931, -9.63743, 14.6749
-8.05005, -13.348, 16.5674
-10.9365, -16.9408, 21.3299
-13.6313, -17.8259, 28.9755
-14.5382, -13.5494, 36.1083
-12.6359, -6.43902, 38.0582
-9.00656, -1.38221, 35.1897
-5.5208, 0.510225, 30.8907
-3.07752, 0.695192, 26.9024
-1.65864, 0.361126, 23.4849
-0.946002, -0.0170195, 20.5427
-0.651465, -0.343489, 17.9848
-0.596434, -0.657576, 15.7541
-0.697744, -1.03722, 13.8128
-0.939866, -1.58096, 12.1382
-1.35907, -2.42375, 10.7297
-2.04374, -3.76858, 9.63469
-3.14865, -5.92336, 9.01596
-4.91292, -9.30041, 9.31777
-7.63313, -14.1877, 11.6027
-11.4117, -19.7153, 17.8186
-15.334, -21.749, 29.0922
-16.7132, -14.9732, 40.0303
-13.6122, -3.8401, 41.8155
-8.19045, 2.59013, 36.7481
-3.50643, 4.20011, 31.2166
-0.470645, 4.13499, 26.9591
1.30724, 4.02457, 23.691
2.43154, 4.36648, 21.1074
3.36888, 5.28613, 19.1281
4.43426, 6.85, 17.8454
5.84386, 9.11159, 17.5348
7.72333, 11.9595, 18.7021
10.0039, 14.7326, 21.9694
12.1892, 15.8429, 27.3502
13.2684, 13.602, 32.9711
12.3983, 8.71392, 35.6887
9.93351, 4.22516, 34.5725
7.11749, 1.88592, 31.4119
4.89117, 1.29004, 27.9044
3.51477, 1.56156, 24.6865
2.87543, 2.20747, 21.8778
2.79469, 3.10215, 19.4922
3.16226, 4.32075, 17.5701
3.96376, 6.03497, 16.2338
5.26607, 8.44103, 15.7644
7.16757, 11.6059, 16.7161
9.65753, 15.0499, 19.9284
12.3014, 17.085, 25.8884
13.9428, 15.2309, 32.926
13.31, 9.53616, 36.9306
10.551, 3.8766, 36.0246
7.20093, 0.91132, 32.4447
4.5123, 0.137909, 28.5074
2.81665, 0.335767, 24.9803
1.94119, 0.8284, 21.9228
1.62612, 1.41801, 19.2771
1.69147, 2.13729, 17.0063
2.06466, 3.11952, 15.1117
2.76826, 4.56331, 13.6561
3.90787, 6.73093, 12.8281
5.65768, 9.89965, 13.082
8.19228, 14.0808, 15.3485
11.4226, 18.1628, 20.9567
14.4067, 18.8757, 29.9398
15.1709, 13.2995, 37.8351
12.6383, 5.0128, 39.1379
8.39578, -0.151926, 35.329
4.60935, -1.74977, 30.5901
2.07751, -1.77937, 26.4974
0.618392, -1.51027, 23.0916
-0.186206, -1.39154, 20.1974
-0.680741, -1.52825, 17.7071
-1.0943, -1.95138, 15.5692
-1.5833, -2.72606, 13.7715
-2.2837, -3.99445, 12.3543
-3.35442, -5.99668, 11.4668
-5.00514, -9.05024, 11.5
-7.47323, -13.3412, 13.3361
-10.8193, -18.127, 18.4946
-14.3139, -20.2408, 27.8541
-15.8646, -15.3982, 37.593
-13.6953, -6.01442, 40.4835
-9.1274, 0.466324, 36.7706
-4.79502, 2.59039, 31.6346
-1.8306, 2.72758, 27.2821
-0.0857392, 2.51141, 23.7703
0.928892, 2.53162, 20.8585
1.63388, 2.94661, 18.4209
2.32178, 3.83002, 16.4343
3.20673, 5.30138, 14.9705
4.48087, 7.54837, 14.2524
6.33566, 10.7356, 14.7847
8.88898, 14.6418, 17.4889
11.8983, 17.8263, 23.3615
14.2795, 17.233, 31.5758
14.3348, 11.4072, 37.5803
11.627, 4.36576, 37.6805
7.79283, 0.329676, 33.9457
4.54056, -0.847647, 29.5988
2.41609, -0.776152, 25.7677
1.23506, -0.418008, 22.5007
0.655836, -0.0970535, 19.6808
0.41328, 0.145323, 17.2247
0.352242, 0.352927, 15.0789
0.40027, 0.585874, 13.2048
0.538245, 0.910624, 11.5727
0.784177, 1.41281, 10.1637
1.19092, 2.22116, 8.97818
1.85638, 3.54187, 8.06095
2.94528, 5.70114, 7.56925
4.71555, 9.15871, 7.94687
7.50357, 14.2969, 10.3046
11.4756, 20.3242, 16.813
15.7152, 22.7539, 28.9946
17.2446, 15.3438, 40.993
13.8337, 3.12631, 42.6959
7.95713, -3.59372, 37.0659
2.98993, -5.10005, 31.326
-0.179875, -4.97214, 27.1215
-2.03638, -4.89983, 24.0127
-3.24031, -5.35474, 21.6556
-4.28075, -6.4303, 19.9895
-5.47, -8.13755, 19.1541
-6.98716, -10.4014, 19.4693
-8.85873, -12.8551, 21.3826
-10.8385, -14.5424, 25.1285
-12.2851, -14.071, 29.9182
-12.3981, -10.9723, 33.5812
-10.956, -6.87517, 34.2949
-8.6565, -3.88257, 32.4302
-6.45048, -2.57639, 29.4763
-4.87156, -2.45072, 26.4354
-4.01264, -2.95914, 23.6812
-3.7771, -3.85184, 21.334
-4.06189, -5.1129, 19.4833
-4.8264, -6.8414, 18.2859
-6.08908, -9.13525, 18.0389
-7.86731, -11.8998, 19.2335
-10.0314, -14.4911, 22.425
-12.0702, -15.4282, 27.5368
-13.0342, -13.2411, 32.76
-12.1764, -8.66692, 35.2494
-9.84782, -4.46964, 34.1961
-7.19112, -2.24406, 31.2048
-5.08106, -1.66197, 27.8366
-3.77694, -1.93964, 24.7182
-3.18984, -2.62263, 21.994
-3.16398, -3.59531, 19.7026
-3.60445, -4.9334, 17.9112
-4.50456, -6.79851, 16.7812
-5.92565, -9.34153, 16.6514
-7.92761, -12.4918, 18.1242
-10.3916, -15.4889, 21.9387
-12.7062, -16.4394, 28.0538
-13.6781, -13.4835, 34.094
-12.4326, -7.87323, 36.4812
-9.57162, -3.22874, 34.722
-6.54359, -1.08479, 31.1383
-4.27051, -0.672534, 27.448
-2.91278, -1.00736, 24.1527
-2.28636, -1.61208, 21.2913
-2.17992, -2.38701, 18.838
-2.47015, -3.41789, 16.7981
-3.13738, -4.88296, 15.241
-4.25277, -7.01622, 14.3613
-5.95237, -10.0348, 14.5999
-8.35579, -13.856, 16.795
-11.3141, -17.3617, 22.0051
-13.9316, -17.7362, 29.9745
-14.5355, -12.7952, 36.8028
-12.2923, -5.58275, 38.0384
-8.5321, -0.879963, 34.7627
-5.104, 0.720006, 30.4026
-2.77133, 0.790466, 26.4608
-1.43989, 0.445432, 23.097
-0.774048, 0.100064, 20.2
-0.490078, -0.171697, 17.6794
-0.415336, -0.408217, 15.4785
-0.467007, -0.673755, 13.5574
-0.622116, -1.0423, 11.8867
-0.899857, -1.60978, 10.4496
-1.35871, -2.51959, 9.25333
-2.10708, -3.99888, 8.36011
-3.32533, -6.3983, 7.97171
-5.28722, -10.1782, 8.63711
-8.315, -15.5773, 11.6643
-12.4259, -21.2137, 19.3073
-16.2894, -21.7665, 32.0334
-16.7565, -12.5653, 42.0968
-12.5652, -1.27046, 41.5372
-6.80571, 3.94002, 35.6092
-2.30505, 4.86766, 30.2406
0.482629, 4.68055, 26.2942
2.12147, 4.69174, 23.3139
3.23205, 5.25009, 21.0315
4.25681, 6.43101, 19.4289
5.48045, 8.25731, 18.6745
7.06982, 10.6605, 19.1259
9.03928, 13.2393, 21.2794
11.1055, 14.9244, 25.376
12.5513, 14.1955, 30.4745
12.5212, 10.6885, 34.1406
10.8593, 6.35596, 34.5579
8.39286, 3.38948, 32.3807
6.1218, 2.20275, 29.2427
4.54599, 2.16642, 26.1131
3.7128, 2.71243, 23.3103
3.49946, 3.60746, 20.9233
3.79479, 4.8557, 19.0249
4.56106, 6.57696, 17.7597
5.8284, 8.90001, 17.4186
7.63761, 11.7812, 18.5112
9.89514, 14.6284, 21.6787
12.1141, 15.9018, 27.0124
13.2873, 13.8436, 32.7488
12.5182, 8.98774, 35.6987
10.0909, 4.37855, 34.7411
7.24495, 1.91406, 31.615
4.96339, 1.25066, 28.0867
3.53617, 1.49318, 24.8382
2.85766, 2.1212, 21.9991
2.74548, 2.99337, 19.5815
3.08269, 4.17734, 17.62
3.849, 5.842, 16.2267
5.10792, 8.18842, 15.6652
6.96173, 11.3107, 16.4647
9.42245, 14.8058, 19.4602
12.1095, 17.0964, 25.2448
13.9162, 15.6396, 32.4066
13.5013, 10.0981, 36.8626
10.8495, 4.22239, 36.3143
7.45918, 0.996353, 32.8178
4.66959, 0.0878071, 28.8412
2.88052, 0.238266, 25.2601
1.93722, 0.711552, 22.1565
1.57318, 1.27769, 19.4697
1.59587, 1.95444, 17.1569
1.92059, 2.86503, 15.2111
2.55848, 4.19733, 13.6791
3.60411, 6.20473, 12.7165
